v -102.203003 -377.454010 -608.000000
v -101.709999 -377.609985 -595.193970
v -101.116997 -396.563995 -681.127014
v -100.605003 -388.048004 -644.218994
v -100.469002 -383.532013 -578.679993
v -100.376999 -383.312988 -639.268005
v -100.274002 -383.756012 -623.025024
v -100.117996 -382.983002 -524.846985
v -100.105003 -365.231995 -894.049011
v -100.023003 -393.317993 -817.098022
v -99.947800 -395.989990 -664.713989
v -99.861900 -385.334015 -541.085999
v -99.848999 -387.842010 -826.799988
v -99.843903 -397.028992 -479.450012
v -99.826698 -376.239990 -865.059021
v -99.796303 -355.497986 -938.403992
v -99.757797 -349.501007 -977.049988
v -99.745300 -352.295013 -954.955017
v -99.718102 -399.598999 -792.257996
v -99.607300 -383.373993 -564.151978
v -99.594498 -400.675995 -468.726013
v -99.498299 -346.380005 -999.700989
v -99.381401 -358.246002 -919.015991
v -99.320801 -386.673004 -504.710999
v -97.903603 -381.976013 -615.789001
v -94.732201 -402.769012 -452.522003
v -90.662201 -400.105011 -445.032013
v -88.140503 -372.306000 -542.450012
v -87.438599 -399.950989 -459.503998
v -86.181503 -363.973999 -589.971008
v -85.785400 -399.256989 -780.340027
v -84.085503 -370.808014 -821.817993
v -83.441902 -399.403015 -692.135010
v -81.592201 -385.834015 -797.515991
v -80.340401 -401.838013 -440.811005
v -79.553703 -361.589996 -516.276978
v -76.422501 -361.388000 -885.828003
v -74.857498 -340.457001 -620.677979
v -73.783997 -351.700989 -661.174011
v -73.333099 -341.631989 -567.268982
v -72.420998 -334.773987 -977.166992
v -71.549698 -347.372009 -529.689026
v -70.201897 -400.053009 -714.439026
v -69.905502 -375.723999 -694.150024
v -69.244301 -389.343994 -448.552002
v -69.124702 -375.656006 -473.131989
v -69.113297 -352.337006 -861.624023
v -68.477699 -359.442993 -492.015015
v -66.223297 -333.161987 -637.494019
v -65.590698 -341.024994 -924.513000
v -63.062000 -400.856995 -785.241028
v -62.373501 -326.174988 -548.265991
v -62.108398 -325.260010 -1000.039978
v -60.815899 -399.902008 -731.758972
v -55.643101 -312.820007 -579.052002
v -55.474499 -401.096008 -780.065979
v -54.614101 -399.863007 -437.488007
v -51.318600 -399.351013 -766.049988
v -50.280998 -354.707001 -687.453003
v -49.925400 -327.321014 -959.666016
v -48.519600 -379.118011 -815.234985
v -47.646400 -339.166992 -485.199005
v -46.957802 -400.529999 -746.812012
v -43.214401 -399.946014 -428.746002
v -42.227798 -302.118011 -610.364990
v -40.281898 -302.398987 -539.632019
v -39.395100 -367.556000 -837.752991
v -39.031200 -357.451996 -874.692017
v -38.929001 -366.783997 -452.790009
v -38.625000 -311.661987 -1000.010010
v -36.848801 -317.369995 -502.355988
v -34.763100 -377.574005 -732.502991
v -30.797899 -369.868988 -761.877991
v -27.865400 -347.539001 -908.754028
v -25.163401 -366.320007 -805.531982
v -24.242100 -348.795990 -704.247009
v -23.975300 -316.444000 -1000.080017
v -22.555401 -332.058014 -670.570007
v -21.216801 -283.493011 -567.768982
v -20.869499 -340.023010 -940.145996
v -18.415300 -329.437988 -975.255005
v -16.480000 -336.404999 -466.354004
v -15.856200 -400.473999 -426.601990
v -14.705600 -315.609009 -645.002014
v -14.007500 -374.890015 -442.726990
v -13.933700 -319.223999 -715.729980
v -10.665300 -329.627991 -772.786987
v -10.290200 -281.237000 -533.814026
v -10.279400 -361.515991 -854.833008
v -7.008530 -303.184998 -494.936005
v -5.922580 -307.593994 -682.719971
v -1.980870 -289.967010 -605.351013
v -0.608610 -318.718994 -1000.059998
v 8.948920 -298.787994 -738.335022
v 10.776200 -275.303986 -584.596008
v 11.524800 -332.667999 -835.557007
v 12.790700 -400.856995 -419.841003
v 14.159100 -292.002014 -632.046021
v 18.451599 -312.953003 -471.570007
v 19.582001 -307.838013 -797.117004
v 22.185801 -269.355011 -560.031982
v 22.811100 -327.066010 -938.629028
v 23.032900 -339.338013 -881.293030
v 23.936800 -334.174988 -906.757019
v 29.729200 -316.359985 -980.299988
v 30.925800 -290.303009 -493.380005
v 31.471300 -399.735992 -415.764008
v 33.972599 -367.010986 -438.040985
v 34.216499 -278.773987 -679.718994
v 34.725601 -278.585999 -623.604980
v 37.367199 -319.737000 -837.726013
v 38.424801 -277.703003 -510.575989
v 43.699001 -274.263000 -704.560974
v 45.252800 -339.354004 -450.906006
v 46.139400 -250.423996 -654.010010
v 46.151001 -266.192993 -611.669006
v 48.900398 -270.048004 -724.918030
v 49.731300 -275.515991 -546.684021
v 49.895599 -234.014008 -700.495972
v 49.941799 -314.683014 -955.831970
v 51.731800 -348.588013 -881.971985
v 53.713299 -245.160004 -736.343018
v 54.251598 -294.828003 -805.080017
v 54.777000 -321.143005 -925.627991
v 55.860500 -307.824005 -465.588989
v 56.991402 -399.636993 -411.463989
v 59.409801 -278.335999 -766.539978
v 61.061699 -232.000000 -676.140015
v 66.630997 -301.549011 -1000.010010
v 67.091599 -236.755005 -633.289001
v 68.949997 -230.240005 -742.906982
v 69.925598 -294.385986 -483.187012
v 70.782700 -260.179993 -588.849976
v 74.965897 -347.341003 -438.156006
v 75.985397 -400.070007 -407.268005
v 79.325699 -255.330994 -562.254028
v 81.053802 -303.234009 -967.718018
v 81.197601 -305.488007 -831.830994
v 82.397499 -321.944000 -906.643982
v 85.882500 -378.463989 -417.511993
v 86.426300 -218.981995 -709.017029
v 89.746399 -318.864990 -858.518982
v 90.065598 -326.072998 -888.346985
v 92.379303 -268.981995 -541.901978
v 92.563698 -273.881012 -789.395020
v 92.666603 -245.246994 -751.786987
v 93.677902 -226.809006 -665.299988
v 96.569099 -292.757996 -511.803986
v 99.733597 -400.648010 -401.558014
v 99.921898 -231.804001 -733.685974
v 103.553001 -268.138000 -774.590027
v 106.505997 -259.312988 -585.528015
v 107.313004 -304.748993 -456.528992
v 107.974998 -234.787003 -632.458008
v 108.291000 -288.420990 -1000.010010
v 108.433998 -225.059998 -757.580994
v 108.738998 -350.846985 -428.436005
v 111.767998 -300.216003 -819.226013
v 114.103996 -299.225006 -932.565979
v 115.991997 -234.319000 -667.372009
v 118.292999 -248.156998 -608.263000
v 119.008003 -229.160004 -699.572021
v 119.621002 -399.309998 -391.556000
v 120.730003 -290.549988 -965.166992
v 120.962997 -267.889008 -540.528015
v 122.445999 -290.533997 -496.825989
v 124.362999 -280.985992 -785.107971
v 125.625000 -306.339996 -906.950012
v 127.825996 -324.903992 -873.603027
v 128.873993 -308.052002 -834.989014
v 129.343994 -225.304993 -773.263000
v 130.326004 -316.750000 -435.825012
v 131.020996 -294.006989 -464.442993
v 131.421997 -239.584000 -634.192993
v 137.781998 -277.871002 -953.794983
v 139.492004 -210.076004 -728.557983
v 140.723007 -220.714005 -665.723022
v 141.998993 -288.388000 -911.096008
v 142.255997 -250.153000 -576.447998
v 143.681000 -227.675995 -694.656006
v 148.337006 -244.526001 -784.520020
v 149.703003 -313.645996 -801.437988
v 150.373001 -399.121002 -387.175995
v 150.645004 -364.688995 -402.834991
v 151.016006 -254.028000 -616.594971
v 153.399994 -272.136993 -999.984009
v 153.921997 -307.071014 -890.921021
v 154.190002 -274.537994 -512.958008
v 154.783005 -301.484009 -470.333008
v 158.358002 -271.026001 -539.617004
v 158.490997 -331.028992 -840.026978
v 159.313004 -316.756989 -446.671997
v 161.860001 -303.372009 -862.591980
v 165.373993 -345.032013 -417.087006
v 165.498993 -272.638000 -969.742004
v 167.658005 -270.069000 -561.445007
v 169.891998 -243.962997 -784.585999
v 170.281998 -243.804001 -690.781006
v 171.695007 -237.539993 -658.651001
v 172.376007 -247.949997 -628.619019
v 174.311005 -225.567993 -713.353027
v 175.908005 -223.386993 -763.325989
v 177.143997 -400.660004 -388.476990
v 178.927002 -307.864014 -810.356018
v 180.091003 -266.585999 -593.690979
v 181.214005 -272.813995 -934.028992
v 184.289993 -337.589996 -428.278992
v 185.160995 -300.535004 -843.502014
v 187.041000 -269.856995 -897.068970
v 191.694000 -226.759003 -734.187988
v 191.893005 -248.809998 -643.286011
v 192.322998 -265.640991 -619.323975
v 194.520996 -314.184998 -472.464996
v 195.210007 -294.341003 -500.730988
v 197.216995 -256.595001 -782.986023
v 197.404007 -400.834015 -387.815002
v 199.057007 -296.761993 -552.002991
v 200.423996 -366.303009 -410.053009
v 201.128998 -250.264999 -692.950012
v 201.550995 -279.152008 -522.169983
v 202.626999 -297.536987 -815.976013
v 204.095993 -251.807999 -1000.090027
v 205.382996 -288.229004 -792.538025
v 206.820999 -275.247986 -595.247986
v 209.093002 -247.304001 -747.612000
v 209.526001 -279.834991 -877.560974
v 210.516006 -345.852997 -441.279999
v 212.268997 -344.423004 -454.929993
v 214.889008 -254.960007 -950.437988
v 215.919998 -266.766998 -712.010986
v 217.852997 -399.917999 -393.949005
v 219.561996 -295.424011 -549.919983
v 221.556000 -261.765991 -895.432007
v 222.623001 -266.319000 -666.710999
v 223.947006 -253.854996 -999.859985
v 224.938004 -266.553986 -639.223022
v 225.347000 -280.334015 -849.046021
v 229.447006 -302.990997 -530.309998
v 231.259003 -335.493988 -488.703003
v 233.117996 -302.562988 -795.794006
v 233.220993 -280.084991 -764.497009
v 235.042999 -274.324005 -590.002014
v 236.485992 -400.532013 -400.376007
v 241.781998 -259.242004 -625.955017
v 241.923004 -244.487000 -913.291992
v 243.395004 -246.960007 -999.955994
v 243.731995 -301.131012 -807.364990
v 245.167999 -292.141998 -722.390991
v 245.378006 -310.286987 -567.109009
v 246.584000 -285.776001 -657.117981
v 247.514999 -356.257996 -453.151001
v 249.307007 -369.247986 -423.890015
v 249.770004 -293.484009 -680.169983
v 250.938004 -244.074997 -949.854004
v 252.360992 -304.756012 -763.554993
v 255.580994 -252.449005 -879.408997
v 256.505005 -399.365997 -409.871002
v 260.015991 -329.067993 -536.783020
v 262.968994 -351.733002 -477.964996
v 264.713013 -306.841003 -607.843994
v 264.855988 -272.557007 -838.171021
v 267.759003 -298.079987 -633.443970
v 267.981995 -307.809998 -704.997986
v 269.278992 -251.184006 -892.645996
v 269.571991 -400.208008 -417.419006
v 271.217987 -337.214996 -505.026001
v 272.545013 -311.725006 -769.166016
v 274.902008 -253.332001 -1000.289978
v 274.912994 -310.848999 -739.533997
v 275.484009 -296.269012 -807.573975
v 278.826996 -324.464996 -579.905029
v 280.803009 -332.358002 -551.067017
v 280.880005 -368.669006 -442.152008
v 282.158997 -312.105988 -656.744995
v 293.966003 -400.467987 -437.893005
v 299.365997 -320.487000 -638.505981
v 299.550995 -372.631012 -456.580994
v 299.609009 -321.630005 -609.434021
v 299.628998 -399.869995 -445.201996
v 299.714996 -335.000000 -531.088989
v 299.791992 -358.432007 -468.718994
v 299.916992 -296.463013 -811.026978
v 299.924011 -313.609985 -686.716980
v 299.924988 -312.161987 -742.317993
v 299.947998 -237.994003 -922.354004
v 299.963989 -318.540009 -713.853027
v 299.975006 -267.273987 -840.106995
v 299.983002 -250.281006 -1000.419983
v 300.006012 -263.632996 -856.979980
v 300.045013 -310.664001 -778.544983
v 300.045990 -339.264008 -501.933014
v 300.058990 -329.238007 -564.065979